map_resolution: 0.2

# 右侧激光雷达外参
Tranform16_0:
[[-0.047219850123, 0.998788058758, 0.013882875443,-0.006420900114],
 [-0.797122478485,-0.029302665964,-0.603106260300,-0.425987720490],
 [-0.601968526840,-0.039544936270, 0.797540068626,-0.134911417961],
 [ 0.000000000000, 0.000000000000, 0.000000000000, 1.000000000000],]

# 左侧激光雷达外参 左侧的平移在代码中执行，且还对xy轴进行了反向交换
Tranform16_1:
[[-0.006619436666, 0.999925076962, 0.010297249071,-0.016124689952],
 [-0.791705667973,-0.011531006545, 0.610793948174, 0.396995037794],
 [ 0.610866904259,-0.004109278321, 0.791722655296,-0.116871036589],
 [ 0.000000000000, 0.000000000000, 0.000000000000, 1.000000000000],]

# 中间激光雷达外参 北京cs55的pcl还是有问题，目前这个transform还没有用
Tranform128:
[[ 0.999999284744, 0.000003183547,-0.001181777800, 0.000000000000],
 [ 0.000003183547, 0.999985516071, 0.005387683865, 0.000000000000],
 [ 0.001181777800,-0.005387683865, 0.999984800816, 0.000000000000],
 [ 0.000000000000, 0.000000000000, 0.000000000000, 1.000000000000],]

# 最终获得的点云数据原点整体平移至车的后车轴中心

# 读写参数
ReadPCD: 0
ReadPCDFile: "../test/"
SavePCD: 1
SavePCDFile: "../test/"

PassThroughFilter_z_down: 0
PassThroughFilter_z_up: 0
ViewerMode: 1

# 裁剪参数
PassThroughFilter_z_down0: 0
PassThroughFilter_z_up0: 1.4
PassThroughFilter_x_min: -20.0
PassThroughFilter_x_max: 60.0
PassThroughFilter_y_min: -10.0
PassThroughFilter_y_max: 10.0

# 降采样参数
DownsampleLeafSize_xy: 0.3
DownsampleLeafSize_z: 0.1

# 去地面参数
GridSize: 0.4
NormalEatimationKSearch: 5
SlopeRate: 0.5  #0.2
NormalThereshold: 0.8
GridHeightComputeMode: 1
GroundHeight: -0.38

# 聚类参数
clusterDis: 0.62
trackingDis: 2.05
